o1 8.042896
line1: 10.004+10.004i,12.840+10.004i
line2: 12.840+10.004i,12.840+12.840i
line3: 12.840+12.840i,10.004+12.840i
line4: 10.004+12.840i,10.004+10.004i
o2 8.042896
line1: 18.508+10.004i,21.344+10.004i
line2: 21.344+10.004i,21.344+12.840i
line3: 21.344+12.840i,18.508+12.840i
line4: 18.508+12.840i,18.508+10.004i
o3 0.952336
line1: 12.273+11.352i,19.075+11.352i
line2: 19.075+11.352i,19.075+11.492i
line3: 19.075+11.492i,12.273+11.492i
line4: 12.273+11.492i,12.273+11.352i
