o1 8.042896
line1: 10.004+10.004i,12.840+10.004i
line2: 12.840+10.004i,12.840+12.840i
line3: 12.840+12.840i,10.004+12.840i
line4: 10.004+12.840i,10.004+10.004i
o2 8.042896
line1: 15.672+10.004i,18.508+10.004i
line2: 18.508+10.004i,18.508+12.840i
line3: 18.508+12.840i,15.672+12.840i
line4: 15.672+12.840i,15.672+10.004i
o3 0.555296
line1: 12.273+11.352i,16.239+11.352i
line2: 16.239+11.352i,16.239+11.492i
line3: 16.239+11.492i,12.273+11.492i
line4: 12.273+11.492i,12.273+11.352i
